[-62.]
[-66.]
[-107.]
[-53.]
[-85.]
[-55.]
[-74.]
[-165.]
[-150.]
[-165.]
[-124.]
[-124.]
[-200.]
[-265.]
[-294.]
[-206.]
[-269.]
[-226.]
[-276.]
[-345.]
[-351.]
[-308.]
[-263.]
[-290.]
[-221.]
[-380.]
[-286.]
[-324.]
[-463.]
[-429.]
[-505.]
[-389.]
[-503.]
[-479.]
[-527.]
[-630.]
[-560.]
[-575.]
[-501.]
[-441.]
[-550.]
[-577.]
[-581.]
[-570.]
[-647.]
[-522.]
[-621.]
[-583.]
[-705.]
[-778.]
[-645.]
[-669.]
[-513.]
[-666.]
[-497.]
[-675.]
[-685.]
[-546.]
[-626.]
[-566.]
[-627.]
[-727.]
[-824.]
[-807.]
[-807.]
[-714.]
[-701.]
[-735.]
[-807.]
[-829.]
[-715.]
[-721.]
[-852.]
[-676.]
[-759.]
[-689.]
[-774.]
[-790.]
[-921.]
[-809.]
[-801.]
[-750.]
[-694.]
[-709.]
[-830.]
[-886.]
[-794.]
[-779.]
[-766.]
[-813.]
[-879.]
[-904.]
[-934.]
[-915.]
[-864.]
[-775.]
[-782.]
[-950.]
[-792.]
[-818.]
[-746.]
[-823.]
[-891.]
[-800.]
[-917.]
[-981.]
[-1061.]
[-953.]
[-976.]
[-920.]
[-855.]
[-924.]
[-1085.]
[-1116.]
[-938.]
[-800.]
[-739.]
[-1038.]
[-1040.]
[-1146.]
[-1038.]
[-1111.]
[-1017.]
[-1116.]
[-1026.]
[-1136.]
[-1057.]
[-1062.]
[-1119.]
[-1009.]
[-1033.]
[-1118.]
[-1059.]
[-1112.]
[-1165.]
[-1218.]
[-1154.]
[-1188.]
[-1172.]
[-1066.]
[-1390.]
[-1160.]
[-1151.]
[-1178.]
[-1017.]
[-992.]
[-1296.]
[-1188.]
[-1152.]
[-1223.]
[-1166.]
[-1189.]
[-1315.]
[-1424.]
[-1229.]
[-1429.]
[-1287.]
[-1203.]
[-1428.]
[-1217.]
[-1295.]
[-1315.]
[-1321.]
[-1322.]
[-1125.]
[-1331.]
[-1173.]
[-1467.]
[-1388.]
[-1286.]
[-1562.]
[-1465.]
[-1457.]
[-1474.]
[-1559.]
[-1367.]
[-1487.]
[-1494.]
[-1395.]
[-1463.]
[-1363.]
[-1491.]
[-1539.]
[-1504.]
[-1584.]
[-1479.]
[-1617.]
[-1569.]
[-1719.]
[-1663.]
[-1574.]
[-1693.]
[-1599.]
[-1461.]
[-1568.]
[-1515.]
[-1721.]
[-1620.]
[-1643.]
[-1547.]
[-1771.]
[-1666.]
[-1821.]
[-1773.]
[-1901.]
[-1711.]
[-1627.]
[-1791.]
[-1751.]
[-1789.]
[-1793.]
[-1694.]
[-1733.]
[-1622.]
[-1792.]
[-1946.]
[-1817.]
[-1887.]
[-1750.]
[-1621.]
[-1765.]
[-1895.]
[-1828.]
[-1900.]
[-1787.]
[-1699.]
[-1849.5]
[-1922.5]
[-1927.]
[-1813.5]
[-2020.5]
[-1935.5]
[-1932.]
[-2028.]
[-1778.5]
[-1928.5]
[-1858.5]
[-1908.5]
[-2084.]
[-1898.5]
[-2031.5]
[-1835.5]
[-2063.]
[-1799.]
[-1978.5]
[-2128.5]
[-2029.]
[-2207.]
[-1936.5]
[-1984.5]
[-2050.]
[-2035.]
[-2016.5]
[-2014.5]
[-1985.5]
[-1917.]
[-2123.5]
[-2191.5]
[-2293.]
[-2150.]
[-2136.]
[-2215.5]
[-2208.5]
[-2230.5]
[-2121.5]
[-2232.5]
[-2123.]
[-2075.5]
[-2371.]
[-2054.5]
[-2036.5]
[-1950.]
[-2117.5]
[-2333.5]
[-2265.]
[-2243.]
[-1990.]
[-2124.5]
[-2211.5]
[-2296.]
[-2275.]
[-2511.5]
[-2313.5]
[-2286.5]
[-2194.5]
[-2239.]
[-2279.5]
[-2097.5]
[-2246.]
[-2354.]
[-2462.5]
[-2387.5]
[-2143.]
[-2304.5]
[-2271.5]
[-2673.]
[-2531.5]
[-2327.]
[-2518.5]
[-2241.5]
[-2452.]
[-2383.5]
[-2238.]
[-2422.]
[-2270.5]
[-2439.5]
[-2461.5]
[-2536.5]
[-2668.]
[-2503.5]
[-2537.]
[-2495.]
[-2503.]
[-2638.]
[-2536.5]
[-2513.5]
[-2430.5]
[-2612.]
[-2593.]
[-2513.]
[-2537.5]
[-2478.5]
[-2662.5]
[-2516.]
[-2664.]
[-2495.5]
[-2570.5]
[-2479.]
[-2435.5]
[-2609.]
[-2811.5]
[-2669.]
[-2642.5]
[-2736.5]
[-2642.]
[-2684.5]
[-2747.5]
[-2730.]
[-2626.]
[-2569.5]
[-2712.5]
[-2645.]
[-2804.5]
[-2689.5]
[-2554.5]
[-2725.]
[-2669.]
[-2956.]
[-2575.5]
[-2604.5]
[-2926.]
[-2785.]
[-2695.]
[-2686.]
[-2659.5]
[-2681.5]
[-2773.5]
[-2705.5]
[-2786.5]
[-2857.]
[-2818.]
[-2958.]
[-2779.5]
[-2977.]
[-2800.]
[-2880.5]
[-2969.5]
[-2965.]
[-3140.5]
[-2709.5]
[-2964.]
[-2876.5]
[-2734.5]
[-2886.5]
[-2656.5]
[-2892.]
[-2816.5]
[-2945.5]
[-2659.5]
[-3055.]
[-3198.5]
[-2742.5]
[-3040.5]
[-2905.5]
[-2790.]
[-2873.]
[-2990.]
[-2920.]
[-2861.5]
[-2913.]
[-2889.5]
[-3162.5]
[-3256.]
[-3138.5]
[-3214.]
[-3186.]
[-3137.]
[-2967.5]
[-3058.]
[-2976.5]
[-3131.]
[-3132.]
[-2885.]
[-3020.5]
[-3076.5]
[-3040.5]
[-2910.5]
[-3222.5]
[-3117.]
[-3174.]
[-3103.]
[-2977.5]
[-3151.]
[-3116.5]
[-2923.5]
[-3144.5]
[-3094.]
[-3368.]
[-3145.]
[-3343.]
[-3307.]
[-3098.]
[-3358.]
[-3241.]
[-3432.]
[-3384.]
[-3057.]
[-3360.5]
[-3191.]
[-3486.]
[-3140.]
[-3102.5]
[-3154.5]
[-3349.5]
[-3402.]
[-3369.]
[-3517.5]
[-3212.]
[-3224.]
[-3350.5]
[-3348.318]
[-3474.318]
[-3389.2273]
[-3320.9092]
[-3299.318]
[-3400.9092]
[-3236.9092]
[-3310.7273]
[-3315.818]
[-3317.318]
[-3521.9092]
[-3355.4092]
[-3640.4092]
[-3592.818]
[-3785.4092]
[-3715.9092]
[-3506.318]
[-3721.318]
[-3399.7273]
[-3575.818]
[-3428.2273]
[-3439.818]
[-3629.2273]
[-3566.7273]
[-3564.4092]
[-3420.318]
[-3607.9092]
[-3522.]
[-3747.2273]
[-3894.318]
[-3857.2273]
[-3746.4092]
[-3576.2273]
[-3668.318]
[-3592.4092]
[-3673.2273]
[-3849.1365]
[-3753.6365]
[-3751.7273]
[-3805.318]
[-3736.4092]
[-3833.818]
[-3703.9092]
[-3916.818]
[-4018.818]
[-3861.5]
[-3703.318]
[-3717.5]
[-3686.9092]
[-3927.318]
[-3874.318]
[-3815.7273]
[-3810.318]
[-3712.818]
[-3934.4092]
[-3875.818]
[-4007.318]
[-4144.909]
[-3810.4092]
[-4055.318]
[-3936.7273]
[-3931.318]
[-3969.318]
[-3885.4092]
[-4107.3184]
[-4053.4092]
[-4151.727]
[-4087.4092]
[-3807.2273]
[-4174.3184]
[-3828.4092]
[-3878.4092]
[-4373.227]
[-3998.818]
[-3976.818]
[-4118.909]
[-3956.4092]
[-4081.318]
[-4059.7273]
[-4028.7273]
[-4000.2273]
[-3925.318]
[-4146.3184]
[-4109.5]
[-4104.8184]
[-4050.2273]
[-4166.409]
[-4160.909]
[-4246.5]
[-4167.909]
[-4222.8184]
[-4261.]
[-4137.227]
[-3975.5]
[-4239.3184]
[-4232.8184]
[-4166.3184]
[-4344.8184]
[-4329.]
[-4481.5]
[-4338.727]
[-4112.227]
[-4217.727]
[-4086.9092]
[-4039.4092]
[-4526.136]
[-4261.227]
[-4435.3184]
[-4368.409]
[-4237.409]
[-4639.8184]
[-4218.3184]
[-4575.3184]
[-4772.727]
[-4475.409]
[-4716.3184]
[-4438.409]
[-4715.409]
[-4467.909]
[-4590.136]
[-4423.8184]
[-4530.8184]
[-4521.3184]
[-4577.636]
[-4425.3184]
[-4466.3184]
[-4656.3184]
[-4378.409]
[-4467.727]
[-4537.909]
[-4425.909]
[-4646.727]
[-4480.409]
[-4661.409]
[-4510.727]
[-4690.3184]
[-4719.]
[-4685.8184]
[-4891.]
[-4665.409]
[-4707.727]
[-4747.636]
[-4584.3184]
[-4784.727]
[-4435.8184]
[-4432.3184]
[-4706.136]
[-4793.227]
[-4882.227]
[-4546.227]
[-4663.3184]
[-4538.227]
[-4699.409]
[-4477.727]
[-4538.5]
[-4767.727]
[-4659.8184]
[-4416.909]
[-4568.727]
[-4630.409]
[-4624.3184]
[-4627.3184]
[-4846.727]
[-4772.3184]
[-4674.409]
[-4782.227]
[-4642.]
[-5004.8184]
[-4851.3184]
[-4770.8184]
[-4765.727]
[-4745.227]
[-4688.636]
[-4816.227]
[-4631.3184]
[-4819.227]
[-4778.8184]
[-5104.227]
[-4711.8184]
[-4938.3184]
[-4676.727]
[-4823.909]
[-4853.8184]
[-4820.8184]
[-4761.8184]
[-4836.409]
[-4588.909]
[-4712.8184]
[-4909.636]
[-4631.409]
[-5054.727]
[-4927.727]
[-5174.727]
[-4729.409]
[-5025.3184]
[-5176.727]
[-4867.909]
[-4922.727]
[-5080.636]
[-5081.]
[-4983.227]
[-4968.3184]
[-4919.227]
[-4939.8184]
[-4765.136]
[-5067.3184]
[-5026.909]
[-5194.227]
[-5223.8184]
[-5331.227]
[-4946.727]
[-4769.3184]
[-4907.227]
[-5059.3184]
[-4986.3184]
[-5066.727]
[-5098.]
[-4783.8184]
[-5405.409]
[-4909.409]
[-5218.909]
[-5103.3184]
[-5254.3184]
[-5170.8184]
[-5146.227]
[-5036.8184]
[-5025.227]
[-5211.727]
[-5163.8184]
[-5005.3184]
[-5016.636]
[-5076.5]
[-5237.3184]
[-4747.8184]
[-5360.3184]
[-5041.227]
[-4981.909]
[-5194.409]
[-5250.727]
[-5297.727]
[-5202.8184]
[-5273.909]
[-5344.909]
[-5142.3184]
[-5009.409]
[-5656.636]
[-5266.8184]
[-5237.136]
[-4935.3184]
[-4883.8184]
[-5384.3184]
[-5384.909]
[-5220.8184]
[-5165.3184]
[-5493.909]
[-5040.727]
[-5169.136]
[-5107.227]
[-5535.8184]
[-5496.909]
[-5502.]
[-5263.8184]
[-5358.227]
[-4863.909]
[-5352.3184]
[-5627.3184]
[-5672.909]
[-5296.227]
[-5553.8184]
[-5465.227]
[-5662.227]
[-5613.409]
[-5723.909]
[-5479.727]
[-5535.3184]
[-5779.409]
[-5590.5]
[-5625.3184]
[-5537.3184]
[-5501.909]
[-5626.909]
[-5569.227]
[-5445.8184]
[-5717.227]
[-5970.909]
[-5898.3184]
[-5794.227]
[-5746.8184]
[-5907.409]
[-5842.3184]
[-6008.227]
[-5812.227]
[-6090.409]
[-5811.3184]
[-5645.909]
[-5548.227]
[-5894.3184]
[-5998.636]
[-5786.409]
[-5687.8184]
[-5948.409]
[-6150.909]
[-5861.409]
[-6151.909]
[-5908.]
[-6039.136]
[-5934.8184]
[-5701.8184]
[-5554.136]
[-5988.3184]
[-5928.636]
[-5712.3184]
[-5971.409]
[-5750.909]
[-5697.909]
[-5787.3184]
[-5840.5]
[-6340.8184]
[-5785.409]
[-6116.8184]
[-5990.909]
[-5807.727]
[-5679.409]
[-5752.409]
[-6067.227]
[-5999.5]
[-5940.227]
[-6010.909]
[-5774.8184]
[-5610.409]
[-6139.8184]
[-6153.3184]
[-6147.8184]
[-6021.227]
[-5810.636]
[-5902.636]
[-6116.8184]
[-6011.409]
[-5735.227]
[-6313.909]
[-6138.8184]
[-5912.227]
[-5928.3184]
[-6034.3184]
[-6129.0684]
[-5881.159]
[-5745.409]
[-6170.0684]
[-5985.159]
[-5898.477]
[-6023.3184]
[-5829.727]
[-6062.159]
[-6081.477]
[-6242.5684]
[-5914.3184]
[-6140.477]
[-5929.159]
[-6082.909]
[-6052.3184]
[-6172.5684]
[-6008.409]
[-6346.159]
[-5985.727]
[-6229.0684]
[-6032.5684]
[-5721.659]
[-6297.136]
[-6064.477]
[-6630.409]
[-6060.659]
[-5996.909]
[-5947.0684]
[-5715.5684]
[-5963.659]
[-5921.409]
[-5952.477]
[-6074.659]
[-6260.5]
[-6023.727]
[-6278.477]
[-5744.8184]
[-6051.159]
[-6317.636]
[-5913.659]
[-6456.909]
[-6388.409]
[-6640.8184]
[-6501.3184]
[-6382.8184]
[-6110.159]
[-6149.909]
[-6504.727]
[-6201.0684]
[-6306.409]
[-6250.909]
[-6182.977]
[-6079.3184]
[-6052.3184]
[-6386.75]
[-6178.0684]
[-5955.3184]
[-6170.159]
[-5974.727]
[-6175.727]
[-6622.5684]
[-6070.909]
[-6447.5684]
[-6399.977]
[-6335.159]
[-6664.0684]
[-6192.3184]
[-6274.659]
[-6406.477]
[-6292.659]
[-6818.]
[-6372.3184]
[-6508.5684]
[-6414.477]
[-6373.8184]
[-6696.159]
[-6292.659]
[-6188.477]
[-6312.727]
[-6682.8184]
[-6868.409]
[-6525.409]
[-6439.977]
[-6309.5684]
[-6522.5684]
[-6784.727]
[-6729.477]
[-6593.3184]
[-6620.5]
[-6687.977]
[-6474.909]
[-6343.636]
[-6660.909]
[-6479.3184]
[-6820.409]
[-6730.727]
[-6467.3184]
[-6660.0684]
[-6805.159]
[-6784.659]
[-6680.477]
[-7052.477]
[-6731.8184]
[-6653.659]
[-6713.3184]
[-6550.386]
[-6867.977]
[-6582.8184]
[-6594.636]
[-6883.3184]
[-6826.0684]
[-6579.5684]
[-6723.909]
[-6761.0684]
[-6965.0684]
[-6680.977]
[-7111.3184]
[-7191.409]
[-7050.909]
[-7146.227]
[-7394.409]
[-7002.8184]
[-6952.909]
[-7115.727]
[-6999.477]
[-6933.0684]
[-7008.5684]
[-7001.159]
[-6947.159]
[-7039.5684]
[-7058.5684]
[-7406.5684]
[-7277.409]
[-7063.3184]
[-7096.136]
[-7150.727]
[-6956.159]
[-6992.977]
[-6353.3184]
[-7217.409]
[-7158.159]
[-7268.8184]
[-7344.727]
[-6740.909]
[-7484.386]
[-7347.5684]
[-7161.159]
[-7565.909]
[-7375.0684]
[-7087.75]
[-7383.977]
[-7269.227]
[-7444.477]
[-7231.8184]
[-7535.977]
[-7191.386]
[-7182.5684]
[-7315.409]
[-7222.409]
[-6895.5684]
[-7383.3184]
[-7243.477]
[-7118.0684]
[-7265.]
[-7286.3184]
[-7330.8184]
[-7393.8184]
[-7250.477]
[-7188.159]
[-7073.909]
[-7201.159]
[-7295.8184]
[-7477.659]
[-7312.909]
[-7418.159]
[-7298.8184]
[-7257.8184]
[-7039.477]
[-7263.5684]
[-7159.909]
[-7489.3184]
[-7486.409]
[-7391.0684]
[-7915.477]
[-7718.5]
[-7261.3184]
[-7286.659]
[-7310.659]
[-7202.659]
[-7354.477]
[-7467.977]
[-7299.909]
[-7310.659]
[-7015.0684]
[-7350.159]
[-6925.3184]
[-7585.3184]
[-7529.977]
[-7058.136]
[-7482.477]
[-7393.3184]
[-7577.227]
[-7386.227]
[-7424.477]
[-7448.0684]
[-7650.3184]
[-7485.0684]
[-7124.977]
[-7647.227]
[-7334.75]
[-7459.8184]
[-7169.3184]
[-7488.159]
[-7610.8184]
[-7342.636]
[-7224.0684]
[-7296.5684]
[-7469.0684]
[-7946.227]
[-7319.8184]
[-7658.3184]
[-7546.159]
[-7527.8184]
[-7365.0684]
[-7589.659]
[-7907.136]
[-7880.909]
[-8061.3184]
[-7877.909]
[-8185.227]
[-7861.727]
[-7729.409]
[-7667.477]
[-7843.977]
[-7846.5684]
[-7738.477]
[-8046.477]
[-7645.8184]
[-7902.477]
[-7425.5684]
[-8269.5]
[-8097.659]
[-7880.8184]
[-8099.636]
[-7870.]
[-7827.3184]
[-7903.909]
[-7947.909]
[-7588.25]
[-8018.8184]
[-8022.409]
[-8001.75]
[-7973.0684]
[-7934.3184]
[-8022.5684]
[-8191.3184]
[-8230.659]
[-8240.318]
[-8165.409]
[-8103.659]
[-8196.978]
[-8063.8184]
[-7668.227]
[-8143.0684]
[-8021.5684]
[-8294.137]
[-7988.659]
[-7980.659]
[-8056.477]
[-8191.159]
[-8308.887]
[-8424.228]
[-8151.5684]
[-7922.227]
[-8270.637]
[-8061.3184]
[-7921.0684]
[-8157.5684]
[-8144.0684]
[-8330.318]
[-8388.068]
[-8017.25]
[-8356.909]
[-8054.659]
[-8339.137]
[-7780.75]
[-8683.818]
[-8154.659]
[-8369.659]
[-8285.978]
[-8683.818]
[-8148.0684]
[-8451.478]
[-8847.909]
[-7978.409]
[-8396.068]
[-8031.3184]
[-8028.25]
[-8038.977]
[-8045.75]
[-8332.159]
[-7995.727]
[-8364.818]
[-8160.409]
[-8143.727]
[-8115.909]
[-8378.818]
[-8375.818]
[-8486.409]
[-8460.978]
[-8708.659]
[-8539.568]
[-8252.909]
[-8583.818]
[-7983.636]
[-8092.886]
[-8396.909]
[-8311.068]
[-8536.659]
[-8324.75]
[-8527.568]
[-8449.659]
[-8150.727]
[-8380.659]
[-8401.568]
[-8232.818]
[-8638.568]
[-8547.409]
[-8837.818]
[-8624.318]
[-8574.068]
[-8509.818]
[-8496.909]
[-8219.909]
[-8407.978]
[-8772.068]
[-8697.159]
[-8504.909]
[-8363.25]
[-8547.909]
[-8240.728]
[-8380.909]
[-8757.568]
[-8702.159]
[-8639.5]
[-8717.568]
[-8246.659]
[-8598.818]
[-8246.159]
[-8647.659]
[-8826.068]
[-8397.]
[-8300.318]
[-8029.386]
[-8489.478]
[-8403.978]
[-9032.728]
[-8617.909]
[-8605.659]
[-9021.568]
[-8975.478]
[-8692.818]
[-8990.409]
[-8919.659]
[-8788.409]
[-9278.478]
[-8875.478]
[-9213.978]
[-9024.978]
[-8996.409]
[-8823.228]
[-8951.478]
[-8980.478]
[-9106.978]
[-9087.478]
[-8957.909]
[-8928.568]
[-8768.568]
[-8719.137]
[-9131.387]
[-8898.318]
[-8628.159]
[-8653.568]
[-9187.068]
[-9145.818]
[-9172.318]
[-8753.909]
[-8786.478]
[-9083.659]
[-8883.068]
[-9175.]
[-9634.978]
[-9068.887]
[-9176.159]
[-8469.318]
[-9563.409]
[-9402.318]
[-9226.409]
[-9274.818]
[-9321.068]
[-8988.568]
[-9058.478]
[-8946.228]
[-9430.478]
[-9291.818]
[-9306.568]
[-9434.568]
[-8770.637]
[-9164.228]
[-9332.568]
[-9166.159]
[-9190.159]
[-9626.909]
[-9410.818]
[-9305.818]
[-9541.159]
[-9217.909]
[-9209.159]
[-9407.887]
[-9472.068]
[-9098.478]
[-8880.409]
[-9313.568]
[-9342.659]
[-9364.568]
[-9025.318]
[-9053.818]
[-9101.659]
[-9507.478]
[-9542.]
[-9347.318]
[-9576.068]
[-9613.25]
[-9308.909]
[-9386.159]
[-9467.728]
[-9499.659]
[-9452.478]
[-9486.318]
[-9670.909]
[-9618.159]
[-9389.568]
[-9967.659]
[-9612.75]
[-9795.909]
[-9458.978]
[-9490.728]
[-9986.728]
[-9621.568]
[-9328.318]
[-9611.818]
[-9535.409]
[-10016.728]
[-9860.228]
[-9817.068]
[-9761.637]
[-10085.818]
[-9781.159]
[-9742.]
[-10169.568]
[-9383.568]
[-10038.068]
[-10050.659]
[-9864.409]
[-9810.568]
[-9988.659]
[-10214.568]
[-10065.]
[-9877.409]
[-10010.478]
[-9680.159]
[-10033.818]
[-10112.409]
[-10052.728]
[-9940.478]
[-9955.728]
[-9485.5]
[-9881.068]
[-9863.659]
[-9840.978]
[-9523.818]
[-9880.159]
[-10078.978]
[-9876.818]
[-9963.978]
[-10341.25]
[-10393.909]
[-10225.637]
[-10363.568]
[-10834.068]
[-9875.909]
[-10343.728]
[-10012.159]
[-10035.159]
[-10282.568]
[-10470.909]
[-9868.568]
[-9860.909]
[-10591.228]
[-10160.25]
[-10439.659]
[-10625.728]
[-10519.318]
[-10152.387]
[-10141.318]
[-10069.409]
[-10449.909]
[-10392.409]
[-10161.818]
[-10186.068]
[-10397.568]
[-9963.478]
[-10119.659]
[-10982.818]
[-10304.478]
[-10087.75]
[-10351.978]
[-10642.409]
[-10634.318]
[-10126.568]
[-10903.728]
[-10558.478]
[-9921.228]
[-10073.387]
[-9945.909]
[-10277.068]
[-10423.728]
[-10538.5]
[-10336.659]
[-10921.478]
[-10171.75]
[-10339.568]
[-10410.568]
[-10489.478]
[-10647.978]
[-10491.818]
[-10761.659]
[-10402.409]
[-10519.409]
[-10859.659]
[-10675.228]
[-10910.659]
[-10299.909]
[-10958.659]
[-11042.659]
[-10692.568]
[-10652.818]
[-10438.409]
[-10930.728]
[-10152.068]
[-10817.568]
[-10778.318]
[-11068.909]
[-10566.818]
[-10713.478]
[-10339.318]
[-10509.228]
[-10752.228]
[-10125.318]
[-10882.818]
[-10536.478]
[-10739.909]
[-11085.318]
[-10374.568]
[-11024.137]
[-10147.228]
[-10984.75]
[-10685.909]
[-11520.978]
[-10529.228]
[-10862.159]
[-10563.659]
[-10757.068]
[-10722.568]
[-10808.568]
[-11414.068]
[-11214.228]
[-10974.887]
[-11076.068]
[-10508.728]
[-11310.887]
[-10527.318]
[-11141.909]
[-10435.568]
[-10610.228]
[-10944.318]
[-10534.318]
[-11069.818]
[-10945.978]
[-11244.068]
[-11017.5]
[-11323.409]
[-10959.659]
[-10938.818]
[-10808.818]
[-10594.909]
[-10905.637]
[-10855.728]
[-11091.568]
[-11096.5]
[-10832.478]
[-11150.068]
[-10926.659]
[-11382.409]
[-11417.068]
[-11485.409]
[-11329.909]
[-10972.]
[-10968.659]
[-11265.978]
[-10766.659]
[-11079.978]
[-11248.637]
[-11004.568]
[-11381.818]
[-11443.159]
[-11504.228]
[-10873.318]
[-11200.637]
[-11168.137]
[-10997.728]
[-11541.409]
[-11457.909]
[-11408.818]
[-11320.978]
[-11043.568]
[-11030.228]
[-11201.409]
[-11468.909]
[-11336.478]
[-11839.659]
[-11653.75]
[-11467.728]
[-11140.318]
[-11558.478]
[-11227.659]
[-11139.659]
[-11655.818]
[-11207.818]
[-11617.5]
[-11590.068]
[-11458.818]
[-11538.068]
[-11480.568]
[-11599.409]
[-11506.478]
[-11409.068]
[-11804.659]
[-11877.728]
[-11346.909]
[-11987.568]
[-11583.568]
[-11017.568]
[-11522.909]
[-11715.568]
[-11895.228]
[-11403.909]
[-12086.818]
[-11784.568]
[-11353.728]
[-12105.068]
[-12443.318]
[-12282.409]
[-11504.568]
[-11845.887]
[-11389.159]
[-11947.818]
[-11730.318]
[-12283.909]
[-11555.568]
[-11660.318]
[-11489.909]
[-12066.818]
[-11942.909]
[-11708.478]
[-12231.068]
[-12411.659]
[-12376.409]
[-12270.659]
[-12016.568]
[-12153.728]
[-12126.25]
[-12038.068]
[-12254.387]
[-12188.637]
[-11637.659]
[-12126.637]
[-11836.818]
[-12532.159]
[-12142.318]
[-12497.478]
[-12104.068]
[-12431.909]
[-12207.228]
[-11882.318]
[-12398.5]
[-12407.25]
[-12524.978]
[-12449.659]
[-12150.478]
[-12215.159]
[-12398.318]
[-12347.659]
[-12258.318]
[-12411.478]
[-12794.478]
[-11982.568]
[-12288.568]
[-12262.068]
[-12265.25]
[-12583.478]
[-12756.159]
[-12410.068]
[-12565.068]
[-12631.568]
[-11907.568]
[-12434.387]
[-12520.478]
[-12620.909]
[-12206.409]
[-12258.228]
[-12098.728]
[-12139.318]
[-12501.659]
[-12010.818]
[-12315.409]
[-12539.409]
[-12421.318]
[-12138.068]
[-12172.068]
[-12534.068]
[-12273.909]
[-12151.728]
[-12498.159]
[-13035.909]
[-12865.568]
[-12432.318]
[-12542.75]
[-12303.728]
[-12756.568]
[-12585.818]
[-13019.728]
[-12238.318]
[-12942.659]
[-12446.568]
[-12500.159]
[-12943.318]
[-12623.818]
[-12396.818]
[-12649.409]
[-12768.159]
[-12736.318]
[-12377.568]
[-13055.159]
[-12671.068]
[-12987.]
[-12557.318]
[-12563.478]
[-13044.068]
[-12972.159]
[-12821.728]
[-12800.228]
[-13021.568]
[-12878.478]
[-12876.409]
[-12568.25]
[-12470.728]
[-12871.409]
[-12592.818]
[-12682.568]
[-12977.568]
[-13144.818]
[-12914.728]
[-12785.909]
[-13290.5]
[-13047.068]
[-13281.659]
[-12632.659]
[-13200.068]
[-13212.068]
[-13293.228]
[-12579.159]
[-12961.478]
[-12349.]
[-13090.387]
[-13014.409]
[-13246.568]
[-13409.659]
[-12814.568]
[-12804.568]
[-13061.409]
[-13153.318]
[-13049.909]
[-13175.978]
[-13049.478]
[-12956.978]
[-13280.228]
[-13503.909]
[-13500.728]
[-13125.25]
[-13261.409]
[-13217.409]
[-12938.409]
[-13233.409]
[-13324.568]
[-13220.478]
[-13682.409]
[-13292.568]
[-13370.728]
[-13073.909]
[-13463.068]
[-13184.159]
[-13334.568]
[-13652.409]
[-13389.068]
[-13625.068]
[-14004.068]
[-14037.068]
[-13434.818]
[-13267.228]
[-13592.659]
[-14009.568]
[-13586.228]
[-13617.159]
[-13870.159]
[-13539.728]
[-13952.068]
[-13492.318]
[-13715.568]
[-12968.409]
[-13352.228]
[-13722.909]
[-14269.068]
[-13588.478]
[-13485.568]
[-13138.159]
[-13731.228]
[-14093.068]
[-13647.818]
[-13649.25]
[-13987.568]
[-13221.318]
[-14180.568]
[-14136.568]
[-14048.409]
[-13867.228]
[-13624.318]
[-13779.159]
[-14146.75]
[-14461.159]
[-13439.318]
[-13867.409]
[-13998.818]
[-14066.568]
[-13772.159]
[-13683.228]
[-13791.068]
[-13764.818]
[-13813.25]
[-14000.387]
[-13113.409]
[-14067.409]
[-14285.159]
[-14421.978]
[-13750.659]
[-13756.728]
[-14085.659]
[-14156.409]
[-13660.159]
[-14365.318]
[-13629.659]
[-13957.659]
[-14174.818]
[-14566.637]
[-13743.818]
[-14026.159]
[-13974.478]
[-14301.5]
[-14387.978]
[-13949.659]
[-14197.887]
[-13841.159]
[-14433.387]
[-13456.068]
[-14220.478]
[-13813.659]
[-14007.159]
[-14084.318]
[-14235.228]
[-13689.568]
[-13607.568]
[-13697.818]
[-12975.728]
[-14301.318]
[-13763.659]
[-13896.728]
[-13840.068]
[-13901.318]
[-14110.978]
[-14115.478]
[-14011.818]
[-14236.228]
[-14080.478]
[-14071.659]
[-14143.909]
[-14133.]
[-14702.318]
[-14306.659]
[-14632.818]
[-14575.159]
[-14504.659]
[-13905.068]
[-14086.659]
[-14698.978]
[-14744.5]
[-14095.728]
[-14497.]
[-14280.]
[-13981.478]
[-13876.728]
[-13966.409]
[-14482.978]
[-13944.228]
[-14678.818]
[-14034.659]
[-14363.228]
[-14785.568]
[-14800.909]
[-14592.728]
[-14708.318]
[-14980.568]
[-14084.909]
[-14726.728]
[-14079.159]
[-14477.387]
[-14469.228]
[-14274.228]
[-14547.159]
[-14828.318]
[-14395.568]
[-13765.818]
[-14287.728]
[-14369.568]
[-14190.318]
[-14986.159]
[-14726.068]
[-14619.637]
[-14880.568]
[-14648.478]
[-14700.409]
[-14732.568]
[-14248.659]
[-14978.568]
[-14189.478]
[-14919.318]
[-14961.]
[-14554.228]
[-15045.659]
[-14789.068]
[-14556.818]
[-14801.137]
[-14761.318]
[-14627.75]
[-14225.887]
[-14532.478]
[-15404.818]
[-15077.159]
[-14825.318]
[-15004.159]
[-14850.159]
[-15184.068]
[-15290.978]
[-15157.568]
[-14887.5]
[-15327.478]
[-14683.5]
[-15185.068]
[-14994.659]
[-15093.068]
[-15109.409]
[-15870.637]
[-15085.728]
[-15123.318]
[-15348.909]
[-15210.909]
[-15655.228]
[-14980.978]
[-14320.068]
[-15479.228]
[-14919.568]
[-14974.159]
[-15210.159]
[-14964.818]
[-14811.318]
[-14858.728]
[-14656.659]
[-15261.728]
[-14581.159]
[-15196.978]
[-15156.5]
[-14568.818]
[-15414.159]
[-15490.228]
[-15086.818]
[-15213.478]
[-15127.318]
[-15343.318]
[-15255.75]
[-15686.228]
[-15516.818]
[-14752.978]
[-15563.318]
[-15090.318]
[-14873.568]
[-15404.728]
[-15011.478]
[-15653.978]
[-15297.228]
[-15601.068]
[-15241.568]
[-14761.159]
[-15113.228]
[-15329.068]
[-15100.409]
[-15682.318]
[-15396.409]
[-15700.409]
[-15279.659]
[-15438.318]
[-15185.909]
[-15676.159]
[-15314.728]
[-15109.478]
[-15453.318]
[-15268.568]
[-15900.887]
[-15525.318]
[-16005.818]
[-15454.409]
[-14651.478]
[-15703.659]
[-15270.478]
[-15898.478]
[-15779.318]
[-16033.068]
[-15535.909]
[-15555.568]
[-15521.068]
[-15586.318]
[-15195.409]
[-15913.409]
[-15619.728]
[-15500.159]
[-15321.068]
[-15542.637]
[-15295.818]
[-15273.318]
[-15878.409]
[-15346.818]
[-15519.568]
[-15252.159]
[-15695.568]
[-15753.478]
[-16116.25]
[-15359.137]
[-15203.568]
[-15771.818]
[-15710.978]
[-15360.068]
[-15358.728]
[-15820.409]
[-15976.318]
[-15426.818]
[-15717.978]
[-15661.75]
[-16047.478]
[-15246.478]
[-15765.637]
[-15807.5]
[-15981.909]
[-16143.159]
[-15478.818]
[-16179.909]
[-16003.068]
[-15796.818]
[-15899.659]
[-16075.318]
[-15684.75]
[-16116.728]
[-16036.909]
[-15458.318]
[-15919.568]
[-15967.568]
[-15724.909]
[-16236.228]
[-15658.068]
[-15719.909]
[-16222.409]
[-16077.818]
[-15872.478]
[-16075.228]
[-15805.978]
[-15797.659]
[-16075.159]
[-16066.818]
[-16170.568]
[-15793.568]
[-15743.5]
[-15731.159]
[-16166.659]
[-15895.]
[-16053.318]
[-16222.409]
[-16535.408]
[-15812.659]
[-16560.158]
[-15596.728]
[-16605.227]
[-16029.978]
[-15849.068]
[-16053.228]
[-16258.409]
[-16283.568]
[-16108.659]
[-15928.068]
[-16566.318]
[-16561.908]
[-16893.977]
[-16596.137]
[-16210.068]
[-16662.137]
[-15918.318]
[-16188.568]
[-17171.818]
[-16289.568]
[-16153.159]
[-15881.068]
[-16070.659]
[-16683.658]
[-16563.25]
[-16699.568]
[-16352.137]
[-16445.568]
[-16454.068]
[-16329.568]
[-16263.068]
[-16530.408]
[-16519.977]
[-16643.658]
[-16546.318]
[-16292.978]
[-16449.977]
[-16537.908]
[-16834.158]
[-16642.727]
[-16369.068]
[-16703.408]
[-17281.818]
[-16445.408]
[-16606.908]
[-16186.818]
[-16529.568]
[-16948.477]
[-16426.727]
[-17143.477]
[-16997.977]
[-17069.068]
[-16452.158]
[-15953.728]
[-15890.409]
[-16726.637]
[-17246.977]
[-16805.977]
[-16797.477]
[-17341.908]
[-16748.158]
[-16777.318]
[-16533.658]
[-16435.068]
[-16975.818]
[-16593.318]
[-16997.137]
[-16953.5]
[-17256.318]
[-16999.818]
[-17678.908]
[-17092.477]
[-17217.887]
[-16110.318]
[-16633.068]
[-16833.227]
[-16566.658]
[-16647.318]
[-16345.659]
[-16987.818]
[-16584.408]
[-17205.977]
[-16505.158]
[-16538.318]
[-16927.227]
[-17051.408]
[-16870.137]
[-16275.568]
[-17857.068]
[-16371.659]
[-16522.658]
[-16551.068]
[-16520.977]
[-17174.068]
[-17404.068]
[-17050.068]
[-16558.908]
[-16871.977]
[-17537.568]
[-17207.318]
[-16591.]
[-17401.318]
[-17178.477]
[-17321.158]
[-16888.818]
[-17189.068]
[-17468.068]
[-17101.227]
[-17495.75]
[-16928.408]
[-16948.908]
[-17317.068]
[-16840.068]
[-17169.068]
[-17333.318]
[-16664.158]
[-17064.408]
[-16453.227]
[-17597.818]
[-16648.068]
[-16508.408]
[-17334.977]
[-16844.568]
[-17586.818]
[-16517.137]
[-16387.977]
[-16776.977]
[-16858.]
[-16456.068]
[-17663.887]
[-16747.887]
[-16753.068]
[-17109.318]
[-16765.818]
[-17296.068]
[-17055.908]
[-16864.887]
[-17366.068]
[-17492.818]
[-17721.568]
[-17494.068]
[-17480.227]
[-17605.658]
[-17529.727]
[-17324.818]
[-17251.887]
[-17368.568]
[-17958.477]
[-17209.158]
[-16947.477]
[-16281.137]
[-17202.387]
[-16865.568]
[-17489.818]
[-17110.068]
[-17224.158]
[-17334.408]
[-17062.318]
[-17627.658]
[-17548.75]
[-17925.977]
[-17382.227]
[-17241.977]
[-17219.658]
[-17024.658]
[-17373.818]
[-17526.318]
[-17544.318]
[-17991.068]
[-17703.818]
[-17454.318]
[-17707.068]
[-17169.727]
[-18603.408]
[-17373.]
[-17423.068]
[-17651.568]
[-17520.727]
[-18004.387]
[-17471.318]
[-17075.068]
[-17569.318]
[-17498.908]
[-16834.158]
[-18486.568]
[-17152.818]
[-17388.318]
[-17263.818]
[-17318.818]
[-17779.818]
[-17251.]
[-18377.977]
[-17514.408]
[-17406.477]
[-17565.318]
[-17357.568]
[-17289.158]
[-18232.818]
[-17563.477]
[-17623.727]
[-17543.727]
[-18258.658]
[-17132.818]
[-17732.408]
[-18199.158]
[-17055.818]
[-17889.387]
[-17385.727]
[-18001.568]
[-17270.818]
[-18009.658]
[-17314.568]
[-17270.158]
[-17616.477]
[-18861.908]
[-17256.158]
[-16818.818]
[-17686.658]
[-18107.977]
[-18100.408]
[-17676.727]
[-18039.568]
[-18149.068]
[-17513.977]
[-18040.568]
[-18215.158]
[-18023.727]
[-17712.818]
[-17698.568]
[-18209.568]
[-18182.227]
[-18144.568]
[-17770.818]
[-18614.227]
[-18298.318]
[-18108.568]
[-18378.408]
[-17696.568]
[-18049.]
[-17395.818]
[-18131.227]
[-18222.477]
[-17605.158]
[-18410.977]
[-17813.068]
[-17942.908]
[-18385.818]
[-18374.158]
[-17805.568]
[-18273.408]
[-18519.568]
[-18013.818]
[-18147.658]
[-17848.158]
[-18807.75]
[-18155.727]
[-18765.477]
[-18700.658]
[-18682.068]
[-18607.068]
[-18206.727]
[-18071.227]
[-17500.318]
[-18837.908]
[-17551.318]
[-18280.887]
[-18050.25]
[-18188.158]
[-18029.568]
[-18621.977]
[-18563.908]
[-18983.818]
[-17971.658]
[-18618.818]
[-18872.227]
[-18727.408]
[-18628.158]
[-18932.977]
[-18562.158]
[-18802.977]
[-18819.727]
[-18777.637]
[-18718.908]
[-18580.818]
[-18743.477]
[-17956.227]
[-19030.727]
[-19143.477]
[-18713.318]
[-18585.477]
[-17745.908]
[-18744.818]
[-18224.818]
[-18827.818]
[-18555.568]
[-18282.318]
[-18743.158]
[-18771.158]
[-18066.727]
[-18520.137]
[-18293.158]
[-18285.227]
[-18458.158]
[-18424.887]
[-18308.318]
[-18823.818]
[-19169.068]
[-18591.658]
[-18570.318]
[-18488.158]
[-18885.318]
[-19175.727]
[-18510.158]
[-19027.318]
[-18952.727]
[-18993.658]
[-18611.068]
[-18675.227]
[-18651.408]
[-19392.818]
[-18959.75]
[-18775.068]
[-19090.637]
[-18606.658]
[-18779.887]
[-18810.318]
[-18846.477]
[-18453.568]
[-18787.158]
[-18735.387]
[-18974.158]
[-18923.227]
[-19133.908]
[-19196.318]
[-18734.227]
[-18991.658]
[-18475.068]
[-19301.227]
[-19530.318]
[-18717.387]
[-18931.477]
[-19204.568]
[-19008.068]
[-19221.477]
[-18908.158]
[-19032.568]
[-18566.]
[-18934.068]
[-18986.158]
[-18930.637]
[-19408.068]
[-19010.318]
[-19609.818]
[-18888.068]
[-19118.977]
[-18885.818]
[-19791.227]
[-19400.908]
[-19386.408]
[-19267.]
[-19585.637]
[-19375.227]
[-18975.568]
[-19368.318]
[-19053.568]
[-18860.568]
[-19667.818]
[-19005.908]
[-18928.318]
[-19134.318]
[-19472.818]
[-18906.227]
[-18955.908]
[-18884.568]
[-19600.568]
[-18600.068]
[-18750.318]
[-19219.568]
[-19031.25]
[-20169.25]
[-19566.658]
[-19524.658]
[-19723.818]
[-19822.25]
[-19229.818]
[-19640.158]
[-19399.568]
[-19644.727]
[-19331.727]
[-19559.158]
[-19500.068]
[-19676.977]
[-19811.387]
[-19971.408]
[-19237.568]
[-19620.977]
[-19360.568]
[-19840.227]
[-19173.068]
[-19366.75]
[-19545.568]
[-19774.568]
[-20217.977]
[-19318.908]
[-19544.158]
[-19534.818]
[-19605.227]
[-19236.318]
[-20119.908]
[-20240.727]
[-19939.727]
[-19874.5]
[-19381.977]
[-19685.977]
[-19957.727]
[-19834.818]
[-20327.318]
[-19547.658]
[-20470.477]
[-19648.908]
[-20162.068]
[-19279.818]
[-19714.568]
[-19572.658]
[-19428.568]
[-19794.318]
[-19521.387]
[-19706.568]
[-19657.]
[-19861.818]
[-19915.227]
[-19308.158]
[-19202.158]
[-19430.318]
[-20100.658]
[-19065.]
[-19553.908]
[-20130.908]
[-19457.158]
[-20255.977]
[-20174.818]
[-19982.318]
[-19541.727]
[-20228.318]
[-19782.477]
[-19792.568]
[-19932.908]
[-19855.137]
[-20217.637]
[-19626.068]
[-20109.818]
[-19433.887]
[-20270.068]
[-19882.818]
[-19555.408]
[-19961.]
[-19740.408]
[-20247.568]
[-20298.477]
[-20069.068]
[-20151.408]
[-20290.727]
[-20421.25]
[-20033.068]
[-20038.318]
[-19926.227]
[-19857.908]
[-19662.568]
[-20172.977]
[-20194.818]
[-20847.227]
[-20226.318]
[-19933.637]
[-20301.908]
[-20193.727]
[-19984.318]
[-19560.727]
[-19902.887]
[-19729.408]
[-20072.137]
[-20493.818]
[-20624.318]
[-20444.318]
[-19674.568]
[-20160.068]
[-20540.658]
[-19954.908]
[-20472.908]
[-20024.637]
[-20530.068]
[-20744.25]
[-20134.658]
[-20251.637]
[-20584.727]
[-20874.818]
[-20282.318]
[-20219.408]
[-20551.658]
[-20583.387]
[-20291.227]
[-19910.977]
[-20811.318]
[-20268.477]
[-20292.568]
[-19916.158]
[-20985.658]
[-19868.477]
[-20532.727]
[-20314.818]
[-20458.818]
[-20110.818]
[-20097.908]
[-19803.227]
[-19817.5]
[-20338.568]
[-20674.658]
[-20441.227]
[-20419.908]
[-20278.]
[-20921.568]
[-20406.408]
[-20630.227]
[-20670.227]
[-21248.]
[-20773.658]
[-20856.158]
[-20378.408]
[-20511.408]
[-20144.137]
[-20680.318]
[-20359.818]
[-21063.318]
[-20350.]
[-20950.977]
[-20208.75]
[-20458.977]
[-20342.408]
[-20621.818]
[-20761.568]
[-20687.227]
[-20368.068]
[-20394.477]
[-20564.158]
[-20647.158]
[-20164.727]
[-20885.158]
[-20515.477]
[-20198.727]
[-20283.818]
[-21004.25]
[-21015.318]
[-20844.227]
[-20673.658]
[-21154.908]
[-20872.568]
[-21236.977]
[-20746.977]
[-20922.158]
[-20867.818]
[-21306.75]
[-20746.658]
[-20652.977]
[-20751.068]
[-20643.727]
[-20798.5]
[-20016.477]
[-20581.227]
[-20235.068]
[-21531.158]
[-21610.227]
[-20372.727]
[-19757.818]
[-20353.977]
[-20467.727]
[-21347.727]
[-21047.568]
[-20557.908]
[-20775.318]
[-21179.658]
[-20974.818]
[-21231.227]
[-20354.318]
[-21774.568]
[-21139.068]
[-21036.25]
[-21588.068]
[-20723.818]
[-21217.75]
[-21391.818]
[-21315.477]
[-21053.818]
[-21241.568]
[-21790.727]
[-20989.227]
[-21076.658]
[-20379.568]
[-20855.318]
[-21041.068]
[-20499.977]
[-21283.977]
[-20540.318]
[-20981.727]
[-20611.658]
[-21397.158]
[-21367.318]
[-20955.477]
[-21246.637]
[-21010.]
[-21469.318]
[-20747.068]
[-21479.727]
[-21652.068]
[-21218.068]
[-21061.637]
[-21732.477]
[-20753.227]
[-20844.477]
[-21515.568]
[-20637.158]
[-21140.068]
[-21208.158]
[-21937.568]
[-20338.477]
[-20841.818]
[-20957.75]
[-21456.637]
[-21105.068]
[-21806.068]
[-21438.068]
[-21905.977]
[-20742.408]
[-20781.568]
[-21106.887]
[-21006.908]
[-21257.137]
[-22030.227]
[-21067.408]
[-21298.818]
[-21657.658]
[-21471.477]
[-20706.568]
[-21559.318]
[-20969.477]
[-21044.068]
[-21440.068]
[-21910.318]
[-20987.408]
[-21350.818]
[-20974.908]
[-21806.658]
[-21463.727]
[-21296.068]
[-21647.818]
[-21823.068]
[-20808.658]
[-22122.818]
[-21477.158]
[-21966.158]
[-21293.318]
[-21491.477]
[-20988.658]
[-21368.318]
[-21305.727]
[-21301.027]
[-21121.709]
[-21562.01]
[-21421.46]
[-21389.62]
[-21129.635]
[-21213.46]
[-21249.525]
[-21412.104]
[-21482.459]
[-20994.71]
[-21534.71]
[-21516.385]
[-21000.443]
[-21719.227]
[-22179.05]
[-21055.625]
[-21384.193]
[-21232.852]
[-21554.111]
[-21659.518]
[-22053.361]
[-22073.678]
[-21914.42]
[-21042.809]
[-21485.436]
[-22136.885]
[-21673.81]
[-21763.186]
[-21199.209]
[-21112.336]
[-21425.55]
[-20950.518]
[-21951.125]
[-21314.219]
[-21969.602]
[-21806.244]
[-21953.26]
[-22079.594]
[-21482.193]
[-21532.559]
[-21655.543]
[-20958.385]
[-21756.951]
[-21106.693]
[-21360.56]
[-21887.111]
[-21587.818]
[-22001.05]
[-21897.209]
[-22335.443]
[-22784.193]
[-22084.27]
[-21898.209]
[-21889.05]
[-21599.451]
[-21948.693]
[-21419.05]
[-22357.46]
[-22365.943]
[-22249.025]
[-21740.861]
[-21320.436]
[-22158.96]
[-22201.111]
[-22068.293]
[-22186.193]
[-21945.227]
[-21595.768]
[-22395.193]
[-21422.969]
[-21974.96]
[-21427.936]
[-21945.875]
[-22571.55]
[-22243.643]
[-21836.3]
[-22556.193]
[-22487.775]
[-22221.26]
[-21877.61]
[-21977.87]
[-22207.777]
[-22180.31]
[-22536.451]
[-21944.678]
[-22082.55]
[-22504.969]
[-22316.326]
[-22154.543]
[-21605.527]
[-21527.734]
[-22062.01]
[-21932.568]
[-21010.527]
[-22087.8]
[-22469.201]
[-22550.201]
[-21785.402]
[-22339.06]
[-22258.428]
[-21953.7]
[-22390.553]
[-21758.094]
[-22154.1]
[-22027.408]
[-22237.652]
[-21830.018]
[-22353.861]
[-21775.002]
[-22107.41]
[-21924.41]
[-22825.186]
[-22295.926]
[-21863.693]
[-22279.744]
[-22460.87]
[-22185.854]
[-22419.102]
[-22630.96]
[-22160.895]
[-22951.092]
[-22095.06]
[-22800.469]
[-22581.56]
[-22958.734]
[-22390.186]
[-22624.61]
[-22185.084]
[-22911.385]
[-22516.328]
[-22618.469]
[-22468.084]
[-22722.611]
[-22865.385]
[-22518.502]
[-22498.05]
[-22453.31]
[-22007.842]
[-21946.645]
[-22222.469]
[-22995.46]
[-22477.943]
[-23346.742]
[-23094.936]
[-22395.334]
[-22699.719]
[-22547.01]
[-23411.56]
[-23125.678]
[-22533.443]
[-22540.984]
[-22399.768]
[-23228.469]
[-22426.543]
[-22891.416]
[-22579.352]
[-23095.525]
[-22368.727]
[-23225.436]
[-22980.852]
[-22434.342]
[-22989.46]
[-22035.828]
[-22666.844]
[-23001.834]
[-22563.201]
[-23657.943]
[-22257.408]
[-23101.186]
[-22848.8]
[-23018.818]
[-22752.902]
[-22761.252]
[-23202.984]
[-23489.734]
[-23213.35]
[-23093.252]
[-23173.025]
[-22422.744]
[-23040.05]
[-22424.592]
[-23558.227]
[-22557.592]
[-22562.668]
[-23615.393]
[-23234.86]
[-23223.576]
[-22643.908]
[-23352.693]
[-23356.117]
[-23390.078]
[-23169.484]
[-23579.127]
[-23343.658]
[-22794.025]
[-23407.86]
[-22385.076]
[-23465.55]
[-22991.535]
[-23177.025]
[-23853.87]
[-22634.309]
[-23608.902]
[-23532.459]
[-23470.436]
[-23589.777]
[-23254.375]
[-23081.484]
[-23025.395]
[-23325.494]
[-23396.852]
[-24074.234]
[-23344.6]
[-24293.334]
[-23034.3]
[-23395.885]
[-24000.676]
[-22785.701]
[-23370.875]
[-23216.459]
[-23598.469]
[-23991.502]
[-22816.168]
[-23550.568]
[-23578.543]
[-23356.645]
[-23442.318]
[-23144.084]
[-23740.26]
[-24000.293]
[-23441.135]
[-22804.768]
[-23665.408]
[-23711.436]
[-23632.744]
[-23975.502]
[-23638.275]
[-23668.186]
[-23724.31]
[-24053.186]
[-23429.861]
[-23621.092]
[-23382.809]
[-24277.193]
[-24157.293]
[-24130.07]
[-23666.893]
[-23745.135]
[-22822.734]
[-23871.06]
[-23595.684]
[-23958.668]
[-23318.234]
[-23970.285]
[-24269.893]
[-24066.768]
[-23476.059]
[-24017.752]
[-24424.111]
[-24794.26]
[-23602.928]
[-24094.984]
[-24630.11]
[-23627.727]
[-24076.342]
[-23966.693]
[-23819.55]
[-24281.943]
[-24116.484]
[-23670.637]
[-23844.025]
[-24345.078]
[-23767.135]
[-24213.809]
[-24420.418]
[-24215.62]
[-24214.645]
[-24021.426]
[-24027.82]
[-24158.61]
[-24148.117]
[-24207.61]
[-24838.002]
[-23820.734]
[-24043.05]
[-24033.367]
[-24792.436]
[-24340.793]
[-24063.543]
[-23777.902]
[-24587.55]
[-25216.078]
[-23186.943]
[-24734.709]
[-24651.176]
[-25185.502]
[-24275.994]
[-23854.125]
[-24308.36]
[-23805.477]
[-24526.926]
[-24507.209]
[-23809.635]
[-24801.344]
[-24107.426]
[-24579.232]
[-24576.695]
[-24264.984]
[-24807.527]
[-24299.926]
[-23634.186]
[-24408.176]
[-24193.484]
[-24225.05]
[-23832.092]
[-24712.361]
[-24697.936]
[-24140.627]
[-23595.885]
[-24342.209]
[-23821.37]
[-24251.55]
[-23985.367]
[-24323.902]
[-24318.201]
[-24091.4]
[-24447.81]
[-24667.387]
[-24256.926]
[-24439.885]
[-24546.41]
[-24138.385]
[-24712.635]
[-24491.469]
[-24816.885]
[-25363.717]
[-24729.55]
[-24505.834]
[-24365.402]
[-24221.318]
[-25198.543]
[-24750.885]
[-24702.67]
[-24592.56]
[-24426.303]
[-24459.]
[-24141.434]
[-25107.102]
[-23931.66]
[-24648.377]
[-25279.36]
[-24394.86]
[-24509.41]
[-24851.127]
[-24350.209]
[-24062.834]
[-24750.285]
[-24475.777]
[-24625.951]
[-24309.342]
[-24422.875]
[-24601.143]
[-24344.06]
[-24873.36]
[-24560.135]
[-25163.984]
[-25213.809]
[-25315.885]
[-25308.426]
[-24294.775]
[-24730.777]
[-24487.326]
[-25104.36]
[-24750.625]
[-24854.592]
[-24232.742]
[-25192.12]
[-25539.908]
[-24793.617]
[-24165.451]
[-24127.977]
[-24636.576]
[-25093.418]
[-24934.602]
[-25234.959]
[-24873.777]
[-25395.877]
[-24854.041]
[-25205.51]
[-24955.785]
[-24654.428]
[-25804.26]
[-24415.86]
[-24484.043]
[-25330.053]
[-25329.135]
[-25135.201]
[-24856.494]
[-25348.334]
[-24512.186]
[-25493.994]
[-24668.943]
[-25377.244]
[-25280.918]
[-24808.01]
[-24224.844]
[-25045.01]
[-24517.777]
[-25248.143]
[-25104.836]
[-24406.467]
[-25778.36]
[-25531.102]
[-24907.459]
[-25421.893]
[-24815.768]
[-24765.926]
[-25539.977]
[-24625.725]
[-25307.633]
[-24952.768]
[-25077.453]
[-25040.043]
[-25129.102]
[-25081.701]
[-25150.217]
[-24698.31]
[-24994.701]
[-25468.01]
[-24836.602]
[-25709.459]
[-25144.027]
[-25172.875]
[-25161.852]
[-24755.51]
[-25568.727]
[-25328.533]
[-25653.127]
[-24592.87]
[-24990.21]
[-24584.484]
[-25173.084]
[-25679.717]
[-24634.234]
[-25196.652]
[-26194.334]
[-25880.102]
[-25386.043]
[-25656.703]
[-25111.443]
[-25814.3]
[-24863.877]
[-25270.209]
[-25318.219]
[-25452.395]
[-24260.793]
[-25416.36]
[-25147.969]
[-25179.553]
[-24968.87]
[-24782.26]
[-25567.186]
[-24619.693]
[-26005.361]
[-24716.3]
[-26015.152]
[-25569.01]
[-25291.05]
[-25117.744]
[-25546.693]
[-25588.727]
[-25047.]
[-25580.285]
[-25697.877]
[-25723.217]
[-25285.242]
[-26071.535]
[-25693.152]
[-25743.602]
[-25865.102]
[-25752.959]
[-24815.219]
[-25700.752]
[-25541.043]
[-24983.61]
[-25532.96]
[-26274.578]
[-25616.25]
[-25491.602]
[-26048.16]
[-25952.885]
[-25357.875]
[-26279.518]
[-25733.719]
[-25274.568]
[-25890.252]
[-25767.535]
[-25880.943]
[-26074.77]
[-25653.809]
[-26249.277]
[-25516.51]
[-26024.734]
[-26236.268]
[-26056.86]
[-25898.018]
[-26625.01]
[-26506.55]
[-25535.51]
[-25389.318]
[-25772.367]
[-25563.658]
[-25362.268]
[-25635.576]
[-25453.3]
[-25965.143]
[-25718.76]
[-25937.734]
[-26020.102]
[-25601.451]
[-26358.217]
[-25270.176]
[-26403.56]
[-26052.236]
[-26029.652]
[-26126.51]
[-26280.936]
[-26500.668]
[-25710.602]
[-25909.459]
[-25460.525]
[-25896.002]
[-25827.62]
[-26357.936]
[-26329.775]
[-26307.043]
[-25886.451]
[-25488.684]
[-25691.12]
[-25397.35]
[-26432.303]
[-25676.176]
[-26757.627]
[-26659.734]
[-26504.893]
[-25421.785]
[-26119.3]
[-26249.594]
[-26308.62]
[-25634.635]
[-26182.793]
[-26263.342]
[-26234.393]
[-26517.41]
[-26474.62]
[-26703.676]
[-26420.428]
[-26720.703]
[-25711.186]
[-26801.217]
[-26904.57]
[-26740.193]
[-27244.936]
[-25871.92]
[-26306.893]
[-26366.91]
[-26584.734]
[-26111.834]
[-25985.168]
[-26592.56]
[-26344.035]
[-26151.926]
[-25730.234]
[-26406.717]
[-26449.32]
[-26458.268]
[-26737.201]
[-27176.484]
[-26830.727]
[-27002.533]
[-26581.5]
[-26560.852]
[-26503.828]
[-26671.895]
[-26418.793]
[-27388.943]
[-26582.92]
[-26669.385]
[-26341.602]
[-26549.344]
[-27698.936]
[-26653.477]
[-27593.418]
[-26461.768]
[-27408.26]
[-26469.318]
[-26670.61]
[-25986.402]
[-27033.602]
[-26342.035]
[-26596.885]
[-26392.684]
[-26540.81]
[-26711.354]
[-27634.217]
[-26319.627]
[-26974.652]
[-27009.36]
[-26303.418]
[-26522.002]
[-26187.76]
[-26518.31]
[-26707.477]
[-26658.328]
[-27449.895]
[-27042.37]
[-26755.242]
[-27058.443]
[-26662.395]
[-26551.469]
[-26401.033]
[-28003.584]
[-26973.934]
[-26760.625]
[-27489.225]
[-26594.05]
[-26501.984]
[-26326.41]
[-27376.719]
[-26924.295]
[-26933.818]
[-27006.643]
[-26308.209]
[-26696.584]
[-26738.4]
[-27697.867]
[-27600.586]
[-27359.943]
[-27582.201]
[-26905.709]
[-27174.408]
[-26850.494]
[-27361.06]
[-27160.36]
[-27599.443]
[-27921.727]
[-26926.217]
[-26576.05]
[-27674.168]
[-27219.209]
[-26698.926]
[-27188.82]
[-27128.795]
[-26735.352]
[-27241.543]
[-27279.826]
[-27176.26]
[-27245.135]
[-27506.193]
[-27760.559]
[-27620.943]
[-27660.918]
[-27351.643]
[-27910.568]
[-27240.86]
[-27568.36]
[-27668.984]
[-28154.785]
[-26829.385]
[-27164.37]
[-27959.143]
[-27280.076]
[-27812.135]
[-27352.12]
[-26880.227]
[-27791.568]
[-26897.35]
[-27572.701]
[-27575.877]
[-26757.]
[-27905.234]
[-27204.793]
[-27880.574]
[-27755.094]
[-27159.426]
[-28171.768]
[-27748.334]
[-27712.818]
[-27696.443]
[-28010.559]
[-27727.01]
[-27412.209]
[-26728.744]
[-28028.209]
[-27709.943]
[-28342.285]
[-27450.81]
[-26919.768]
[-27884.443]
[-27173.693]
[-28194.443]
[-27662.879]
[-27199.193]
[-27895.12]
[-27793.209]
[-27354.469]
[-28280.578]
[-28387.518]
[-27949.135]
[-27250.777]
[-27929.25]
[-28122.861]
[-27384.377]
[-27505.736]
[-27998.3]
[-28517.62]
[-28296.701]
[-28653.852]
[-28106.262]
[-28105.252]
[-27918.96]
[-28078.459]
[-27790.102]
[-27951.502]
[-27886.535]
[-28608.436]
[-28730.877]
[-28606.12]
[-28407.936]
[-27508.31]
[-28680.742]
[-27765.602]
[-27918.686]
[-27814.102]
[-28097.05]
[-28488.926]
[-28048.877]
[-27128.7]
[-28743.11]
[-27400.625]
[-27894.643]
[-27638.65]
[-28073.967]
[-28505.418]
[-28542.658]
[-28192.219]
[-27871.467]
[-28247.01]
[-27550.244]
[-28335.352]
[-27760.844]
[-27619.094]
[-29153.152]
[-28058.502]
[-28084.527]
[-28608.877]
[-28272.443]
[-27798.91]
[-28731.393]
[-27599.818]
[-28902.951]
[-27742.402]
[-28935.52]
[-27578.87]
[-28575.834]
[-28271.768]
[-28728.293]
[-28520.62]
[-28986.152]
[-28401.227]
[-28271.861]
[-28318.352]
[-29234.402]
[-28868.002]
[-28445.62]
[-28640.793]
[-28162.217]
[-28509.219]
[-28471.87]
[-28077.092]
[-28921.111]
[-29088.852]
[-28984.018]
[-28207.875]
[-28642.268]
[-27484.518]
[-28263.85]
[-28499.559]
[-28505.45]
[-28010.252]
[-28844.893]
[-28543.762]
[-27512.469]
[-28846.209]
[-27720.76]
[-28004.486]
[-28491.102]
[-28806.4]
[-29383.328]
[-29260.428]
[-29302.943]
[-29128.328]
